序号,标题,文号,产生日期,发布日期,正文
700,溧阳市惠民惠农财政补贴政策清单表式,,2021-06-29,2021-06-29,
